NMARK= 3
MARKER_TAG= WING3D
MARKER_ELEMS= 480
SEND_TO= 0
5	0	1	2	0
5	3	4	0	1
5	4	5	1	2
5	1	0	4	3
5	6	7	3	4
5	7	8	4	5
5	8	9	5	6
5	4	3	7	7
5	5	4	8	8
5	10	11	6	9
5	11	12	7	10
5	12	13	8	11
5	13	14	9	12
5	7	6	11	13
5	8	7	12	14
5	9	8	13	15
5	1	15	2	16
5	5	16	1	17
5	16	17	15	18
5	15	1	16	19
5	9	18	5	20
5	18	19	16	21
5	19	20	17	22
5	16	5	18	23
5	17	16	19	24
5	14	21	9	25
5	21	22	18	26
5	22	23	19	27
5	23	24	20	28
5	18	9	21	29
5	19	18	22	30
5	20	19	23	31
5	15	25	2	32
5	17	26	15	33
5	26	27	25	34
5	25	15	26	35
5	20	28	17	36
5	28	29	26	37
5	29	30	27	38
5	26	17	28	39
5	27	26	29	40
5	24	31	20	41
5	31	32	28	42
5	32	33	29	43
5	33	34	30	44
5	28	20	31	45
5	29	28	32	46
5	30	29	33	47
5	25	35	2	48
5	27	36	25	49
5	36	37	35	50
5	35	25	36	51
5	30	38	27	52
5	38	39	36	53
5	39	40	37	54
5	36	27	38	55
5	37	36	39	56
5	34	41	30	57
5	41	42	38	58
5	42	43	39	59
5	43	44	40	60
5	38	30	41	61
5	39	38	42	62
5	40	39	43	63
5	35	45	2	64
5	37	46	35	65
5	46	47	45	66
5	45	35	46	67
5	40	48	37	68
5	48	49	46	69
5	49	50	47	70
5	46	37	48	71
5	47	46	49	72
5	44	51	40	73
5	51	52	48	74
5	52	53	49	75
5	53	54	50	76
5	48	40	51	77
5	49	48	52	78
5	50	49	53	79
5	45	0	2	80
5	47	55	45	81
5	55	3	0	82
5	0	45	55	83
5	50	56	47	84
5	56	57	55	85
5	57	6	3	86
5	55	47	56	87
5	3	55	57	88
5	54	58	50	89
5	58	59	56	90
5	59	60	57	91
5	60	10	6	92
5	56	50	58	93
5	57	56	59	94
5	6	57	60	95
5	14	13	61	96
5	62	61	13	97
5	13	12	62	98
5	63	62	12	99
5	12	11	63	100
5	64	63	11	101
5	11	10	64	102
5	65	64	10	103
5	24	23	66	104
5	67	66	23	105
5	23	22	67	106
5	68	67	22	107
5	22	21	68	108
5	69	68	21	109
5	21	14	69	110
5	61	69	14	111
5	34	33	70	112
5	71	70	33	113
5	33	32	71	114
5	72	71	32	115
5	32	31	72	116
5	73	72	31	117
5	31	24	73	118
5	66	73	24	119
5	44	43	74	120
5	75	74	43	121
5	43	42	75	122
5	76	75	42	123
5	42	41	76	124
5	77	76	41	125
5	41	34	77	126
5	70	77	34	127
5	54	53	78	128
5	79	78	53	129
5	53	52	79	130
5	80	79	52	131
5	52	51	80	132
5	81	80	51	133
5	51	44	81	134
5	74	81	44	135
5	10	60	65	136
5	82	65	60	137
5	60	59	82	138
5	83	82	59	139
5	59	58	83	140
5	84	83	58	141
5	58	54	84	142
5	78	84	54	143
5	61	62	85	144
5	86	85	62	145
5	62	63	86	146
5	87	86	63	147
5	63	64	87	148
5	88	87	64	149
5	64	65	88	150
5	89	88	65	151
5	66	67	90	152
5	91	90	67	153
5	67	68	91	154
5	92	91	68	155
5	68	69	92	156
5	93	92	69	157
5	69	61	93	158
5	85	93	61	159
5	70	71	94	160
5	95	94	71	161
5	71	72	95	162
5	96	95	72	163
5	72	73	96	164
5	97	96	73	165
5	73	66	97	166
5	90	97	66	167
5	74	75	98	168
5	99	98	75	169
5	75	76	99	170
5	100	99	76	171
5	76	77	100	172
5	101	100	77	173
5	77	70	101	174
5	94	101	70	175
5	78	79	102	176
5	103	102	79	177
5	79	80	103	178
5	104	103	80	179
5	80	81	104	180
5	105	104	81	181
5	81	74	105	182
5	98	105	74	183
5	65	82	89	184
5	106	89	82	185
5	82	83	106	186
5	107	106	83	187
5	83	84	107	188
5	108	107	84	189
5	84	78	108	190
5	102	108	78	191
5	85	86	109	192
5	110	109	86	193
5	86	87	110	194
5	111	110	87	195
5	87	88	111	196
5	112	111	88	197
5	88	89	112	198
5	113	112	89	199
5	90	91	114	200
5	115	114	91	201
5	91	92	115	202
5	116	115	92	203
5	92	93	116	204
5	117	116	93	205
5	93	85	117	206
5	109	117	85	207
5	94	95	118	208
5	119	118	95	209
5	95	96	119	210
5	120	119	96	211
5	96	97	120	212
5	121	120	97	213
5	97	90	121	214
5	114	121	90	215
5	98	99	122	216
5	123	122	99	217
5	99	100	123	218
5	124	123	100	219
5	100	101	124	220
5	125	124	101	221
5	101	94	125	222
5	118	125	94	223
5	102	103	126	224
5	127	126	103	225
5	103	104	127	226
5	128	127	104	227
5	104	105	128	228
5	129	128	105	229
5	105	98	129	230
5	122	129	98	231
5	89	106	113	232
5	130	113	106	233
5	106	107	130	234
5	131	130	107	235
5	107	108	131	236
5	132	131	108	237
5	108	102	132	238
5	126	132	102	239
5	109	110	133	240
5	134	133	110	241
5	110	111	134	242
5	135	134	111	243
5	111	112	135	244
5	136	135	112	245
5	112	113	136	246
5	137	136	113	247
5	114	115	138	248
5	139	138	115	249
5	115	116	139	250
5	140	139	116	251
5	116	117	140	252
5	141	140	117	253
5	117	109	141	254
5	133	141	109	255
5	118	119	142	256
5	143	142	119	257
5	119	120	143	258
5	144	143	120	259
5	120	121	144	260
5	145	144	121	261
5	121	114	145	262
5	138	145	114	263
5	122	123	146	264
5	147	146	123	265
5	123	124	147	266
5	148	147	124	267
5	124	125	148	268
5	149	148	125	269
5	125	118	149	270
5	142	149	118	271
5	126	127	150	272
5	151	150	127	273
5	127	128	151	274
5	152	151	128	275
5	128	129	152	276
5	153	152	129	277
5	129	122	153	278
5	146	153	122	279
5	113	130	137	280
5	154	137	130	281
5	130	131	154	282
5	155	154	131	283
5	131	132	155	284
5	156	155	132	285
5	132	126	156	286
5	150	156	126	287
5	133	134	157	288
5	158	157	134	289
5	134	135	158	290
5	159	158	135	291
5	135	136	159	292
5	160	159	136	293
5	136	137	160	294
5	161	160	137	295
5	138	139	162	296
5	163	162	139	297
5	139	140	163	298
5	164	163	140	299
5	140	141	164	300
5	165	164	141	301
5	141	133	165	302
5	157	165	133	303
5	142	143	166	304
5	167	166	143	305
5	143	144	167	306
5	168	167	144	307
5	144	145	168	308
5	169	168	145	309
5	145	138	169	310
5	162	169	138	311
5	146	147	170	312
5	171	170	147	313
5	147	148	171	314
5	172	171	148	315
5	148	149	172	316
5	173	172	149	317
5	149	142	173	318
5	166	173	142	319
5	150	151	174	320
5	175	174	151	321
5	151	152	175	322
5	176	175	152	323
5	152	153	176	324
5	177	176	153	325
5	153	146	177	326
5	170	177	146	327
5	137	154	161	328
5	178	161	154	329
5	154	155	178	330
5	179	178	155	331
5	155	156	179	332
5	180	179	156	333
5	156	150	180	334
5	174	180	150	335
5	157	158	181	336
5	182	181	158	337
5	158	159	182	338
5	183	182	159	339
5	159	160	183	340
5	184	183	160	341
5	160	161	184	342
5	185	184	161	343
5	162	163	186	344
5	187	186	163	345
5	163	164	187	346
5	188	187	164	347
5	164	165	188	348
5	189	188	165	349
5	165	157	189	350
5	181	189	157	351
5	166	167	190	352
5	191	190	167	353
5	167	168	191	354
5	192	191	168	355
5	168	169	192	356
5	193	192	169	357
5	169	162	193	358
5	186	193	162	359
5	170	171	194	360
5	195	194	171	361
5	171	172	195	362
5	196	195	172	363
5	172	173	196	364
5	197	196	173	365
5	173	166	197	366
5	190	197	166	367
5	174	175	198	368
5	199	198	175	369
5	175	176	199	370
5	200	199	176	371
5	176	177	200	372
5	201	200	177	373
5	177	170	201	374
5	194	201	170	375
5	161	178	185	376
5	202	185	178	377
5	178	179	202	378
5	203	202	179	379
5	179	180	203	380
5	204	203	180	381
5	180	174	204	382
5	198	204	174	383
5	181	182	205	384
5	206	205	182	385
5	182	183	206	386
5	207	206	183	387
5	183	184	207	388
5	208	207	184	389
5	184	185	208	390
5	209	208	185	391
5	186	187	210	392
5	211	210	187	393
5	187	188	211	394
5	212	211	188	395
5	188	189	212	396
5	213	212	189	397
5	189	181	213	398
5	205	213	181	399
5	190	191	214	400
5	215	214	191	401
5	191	192	215	402
5	216	215	192	403
5	192	193	216	404
5	217	216	193	405
5	193	186	217	406
5	210	217	186	407
5	194	195	218	408
5	219	218	195	409
5	195	196	219	410
5	220	219	196	411
5	196	197	220	412
5	221	220	197	413
5	197	190	221	414
5	214	221	190	415
5	198	199	222	416
5	223	222	199	417
5	199	200	223	418
5	224	223	200	419
5	200	201	224	420
5	225	224	201	421
5	201	194	225	422
5	218	225	194	423
5	185	202	209	424
5	226	209	202	425
5	202	203	226	426
5	227	226	203	427
5	203	204	227	428
5	228	227	204	429
5	204	198	228	430
5	222	228	198	431
5	205	206	229	432
5	230	229	206	433
5	206	207	230	434
5	231	230	207	435
5	207	208	231	436
5	232	231	208	437
5	208	209	232	438
5	233	232	209	439
5	210	211	234	440
5	235	234	211	441
5	211	212	235	442
5	236	235	212	443
5	212	213	236	444
5	237	236	213	445
5	213	205	237	446
5	229	237	205	447
5	214	215	238	448
5	239	238	215	449
5	215	216	239	450
5	240	239	216	451
5	216	217	240	452
5	241	240	217	453
5	217	210	241	454
5	234	241	210	455
5	218	219	242	456
5	243	242	219	457
5	219	220	243	458
5	244	243	220	459
5	220	221	244	460
5	245	244	221	461
5	221	214	245	462
5	238	245	214	463
5	222	223	246	464
5	247	246	223	465
5	223	224	247	466
5	248	247	224	467
5	224	225	248	468
5	249	248	225	469
5	225	218	249	470
5	242	249	218	471
5	209	226	233	472
5	250	233	226	473
5	226	227	250	474
5	251	250	227	475
5	227	228	251	476
5	252	251	228	477
5	228	222	252	478
5	246	252	222	479
MARKER_TAG= SYMMETRY
MARKER_ELEMS= 768
SEND_TO= 0
5	229	230	3933	0
5	229	3933	3917	1
5	3917	3933	3934	2
5	3917	3934	3918	3
5	3918	3934	3935	4
5	3918	3935	3919	5
5	3919	3935	3936	6
5	3919	3936	3920	7
5	3920	3936	3937	8
5	3920	3937	3921	9
5	3921	3937	3938	10
5	3921	3938	3922	11
5	3922	3938	3939	12
5	3922	3939	3923	13
5	3923	3939	3940	14
5	3923	3940	3924	15
5	3924	3940	3941	16
5	3924	3941	3925	17
5	3925	3941	3942	18
5	3925	3942	3926	19
5	3926	3942	3943	20
5	3926	3943	3927	21
5	3927	3943	3944	22
5	3927	3944	3928	23
5	3928	3944	3945	24
5	3928	3945	3929	25
5	3929	3945	3946	26
5	3929	3946	3930	27
5	3930	3946	3947	28
5	3930	3947	3931	29
5	3931	3947	3948	30
5	3931	3948	3932	31
5	230	231	3949	32
5	230	3949	3933	33
5	3933	3949	3950	34
5	3933	3950	3934	35
5	3934	3950	3951	36
5	3934	3951	3935	37
5	3935	3951	3952	38
5	3935	3952	3936	39
5	3936	3952	3953	40
5	3936	3953	3937	41
5	3937	3953	3954	42
5	3937	3954	3938	43
5	3938	3954	3955	44
5	3938	3955	3939	45
5	3939	3955	3956	46
5	3939	3956	3940	47
5	3940	3956	3957	48
5	3940	3957	3941	49
5	3941	3957	3958	50
5	3941	3958	3942	51
5	3942	3958	3959	52
5	3942	3959	3943	53
5	3943	3959	3960	54
5	3943	3960	3944	55
5	3944	3960	3961	56
5	3944	3961	3945	57
5	3945	3961	3962	58
5	3945	3962	3946	59
5	3946	3962	3963	60
5	3946	3963	3947	61
5	3947	3963	3964	62
5	3947	3964	3948	63
5	231	232	3965	64
5	231	3965	3949	65
5	3949	3965	3966	66
5	3949	3966	3950	67
5	3950	3966	3967	68
5	3950	3967	3951	69
5	3951	3967	3968	70
5	3951	3968	3952	71
5	3952	3968	3969	72
5	3952	3969	3953	73
5	3953	3969	3970	74
5	3953	3970	3954	75
5	3954	3970	3971	76
5	3954	3971	3955	77
5	3955	3971	3972	78
5	3955	3972	3956	79
5	3956	3972	3973	80
5	3956	3973	3957	81
5	3957	3973	3974	82
5	3957	3974	3958	83
5	3958	3974	3975	84
5	3958	3975	3959	85
5	3959	3975	3976	86
5	3959	3976	3960	87
5	3960	3976	3977	88
5	3960	3977	3961	89
5	3961	3977	3978	90
5	3961	3978	3962	91
5	3962	3978	3979	92
5	3962	3979	3963	93
5	3963	3979	3980	94
5	3963	3980	3964	95
5	232	233	3981	96
5	232	3981	3965	97
5	3965	3981	3982	98
5	3965	3982	3966	99
5	3966	3982	3983	100
5	3966	3983	3967	101
5	3967	3983	3984	102
5	3967	3984	3968	103
5	3968	3984	3985	104
5	3968	3985	3969	105
5	3969	3985	3986	106
5	3969	3986	3970	107
5	3970	3986	3987	108
5	3970	3987	3971	109
5	3971	3987	3988	110
5	3971	3988	3972	111
5	3972	3988	3989	112
5	3972	3989	3973	113
5	3973	3989	3990	114
5	3973	3990	3974	115
5	3974	3990	3991	116
5	3974	3991	3975	117
5	3975	3991	3992	118
5	3975	3992	3976	119
5	3976	3992	3993	120
5	3976	3993	3977	121
5	3977	3993	3994	122
5	3977	3994	3978	123
5	3978	3994	3995	124
5	3978	3995	3979	125
5	3979	3995	3996	126
5	3979	3996	3980	127
5	234	235	4013	128
5	234	4013	3997	129
5	3997	4013	4014	130
5	3997	4014	3998	131
5	3998	4014	4015	132
5	3998	4015	3999	133
5	3999	4015	4016	134
5	3999	4016	4000	135
5	4000	4016	4017	136
5	4000	4017	4001	137
5	4001	4017	4018	138
5	4001	4018	4002	139
5	4002	4018	4019	140
5	4002	4019	4003	141
5	4003	4019	4020	142
5	4003	4020	4004	143
5	4004	4020	4021	144
5	4004	4021	4005	145
5	4005	4021	4022	146
5	4005	4022	4006	147
5	4006	4022	4023	148
5	4006	4023	4007	149
5	4007	4023	4024	150
5	4007	4024	4008	151
5	4008	4024	4025	152
5	4008	4025	4009	153
5	4009	4025	4026	154
5	4009	4026	4010	155
5	4010	4026	4027	156
5	4010	4027	4011	157
5	4011	4027	4028	158
5	4011	4028	4012	159
5	235	236	4029	160
5	235	4029	4013	161
5	4013	4029	4030	162
5	4013	4030	4014	163
5	4014	4030	4031	164
5	4014	4031	4015	165
5	4015	4031	4032	166
5	4015	4032	4016	167
5	4016	4032	4033	168
5	4016	4033	4017	169
5	4017	4033	4034	170
5	4017	4034	4018	171
5	4018	4034	4035	172
5	4018	4035	4019	173
5	4019	4035	4036	174
5	4019	4036	4020	175
5	4020	4036	4037	176
5	4020	4037	4021	177
5	4021	4037	4038	178
5	4021	4038	4022	179
5	4022	4038	4039	180
5	4022	4039	4023	181
5	4023	4039	4040	182
5	4023	4040	4024	183
5	4024	4040	4041	184
5	4024	4041	4025	185
5	4025	4041	4042	186
5	4025	4042	4026	187
5	4026	4042	4043	188
5	4026	4043	4027	189
5	4027	4043	4044	190
5	4027	4044	4028	191
5	236	237	4045	192
5	236	4045	4029	193
5	4029	4045	4046	194
5	4029	4046	4030	195
5	4030	4046	4047	196
5	4030	4047	4031	197
5	4031	4047	4048	198
5	4031	4048	4032	199
5	4032	4048	4049	200
5	4032	4049	4033	201
5	4033	4049	4050	202
5	4033	4050	4034	203
5	4034	4050	4051	204
5	4034	4051	4035	205
5	4035	4051	4052	206
5	4035	4052	4036	207
5	4036	4052	4053	208
5	4036	4053	4037	209
5	4037	4053	4054	210
5	4037	4054	4038	211
5	4038	4054	4055	212
5	4038	4055	4039	213
5	4039	4055	4056	214
5	4039	4056	4040	215
5	4040	4056	4057	216
5	4040	4057	4041	217
5	4041	4057	4058	218
5	4041	4058	4042	219
5	4042	4058	4059	220
5	4042	4059	4043	221
5	4043	4059	4060	222
5	4043	4060	4044	223
5	237	229	3917	224
5	237	3917	4045	225
5	4045	3917	3918	226
5	4045	3918	4046	227
5	4046	3918	3919	228
5	4046	3919	4047	229
5	4047	3919	3920	230
5	4047	3920	4048	231
5	4048	3920	3921	232
5	4048	3921	4049	233
5	4049	3921	3922	234
5	4049	3922	4050	235
5	4050	3922	3923	236
5	4050	3923	4051	237
5	4051	3923	3924	238
5	4051	3924	4052	239
5	4052	3924	3925	240
5	4052	3925	4053	241
5	4053	3925	3926	242
5	4053	3926	4054	243
5	4054	3926	3927	244
5	4054	3927	4055	245
5	4055	3927	3928	246
5	4055	3928	4056	247
5	4056	3928	3929	248
5	4056	3929	4057	249
5	4057	3929	3930	250
5	4057	3930	4058	251
5	4058	3930	3931	252
5	4058	3931	4059	253
5	4059	3931	3932	254
5	4059	3932	4060	255
5	238	239	4077	256
5	238	4077	4061	257
5	4061	4077	4078	258
5	4061	4078	4062	259
5	4062	4078	4079	260
5	4062	4079	4063	261
5	4063	4079	4080	262
5	4063	4080	4064	263
5	4064	4080	4081	264
5	4064	4081	4065	265
5	4065	4081	4082	266
5	4065	4082	4066	267
5	4066	4082	4083	268
5	4066	4083	4067	269
5	4067	4083	4084	270
5	4067	4084	4068	271
5	4068	4084	4085	272
5	4068	4085	4069	273
5	4069	4085	4086	274
5	4069	4086	4070	275
5	4070	4086	4087	276
5	4070	4087	4071	277
5	4071	4087	4088	278
5	4071	4088	4072	279
5	4072	4088	4089	280
5	4072	4089	4073	281
5	4073	4089	4090	282
5	4073	4090	4074	283
5	4074	4090	4091	284
5	4074	4091	4075	285
5	4075	4091	4092	286
5	4075	4092	4076	287
5	239	240	4093	288
5	239	4093	4077	289
5	4077	4093	4094	290
5	4077	4094	4078	291
5	4078	4094	4095	292
5	4078	4095	4079	293
5	4079	4095	4096	294
5	4079	4096	4080	295
5	4080	4096	4097	296
5	4080	4097	4081	297
5	4081	4097	4098	298
5	4081	4098	4082	299
5	4082	4098	4099	300
5	4082	4099	4083	301
5	4083	4099	4100	302
5	4083	4100	4084	303
5	4084	4100	4101	304
5	4084	4101	4085	305
5	4085	4101	4102	306
5	4085	4102	4086	307
5	4086	4102	4103	308
5	4086	4103	4087	309
5	4087	4103	4104	310
5	4087	4104	4088	311
5	4088	4104	4105	312
5	4088	4105	4089	313
5	4089	4105	4106	314
5	4089	4106	4090	315
5	4090	4106	4107	316
5	4090	4107	4091	317
5	4091	4107	4108	318
5	4091	4108	4092	319
5	240	241	4109	320
5	240	4109	4093	321
5	4093	4109	4110	322
5	4093	4110	4094	323
5	4094	4110	4111	324
5	4094	4111	4095	325
5	4095	4111	4112	326
5	4095	4112	4096	327
5	4096	4112	4113	328
5	4096	4113	4097	329
5	4097	4113	4114	330
5	4097	4114	4098	331
5	4098	4114	4115	332
5	4098	4115	4099	333
5	4099	4115	4116	334
5	4099	4116	4100	335
5	4100	4116	4117	336
5	4100	4117	4101	337
5	4101	4117	4118	338
5	4101	4118	4102	339
5	4102	4118	4119	340
5	4102	4119	4103	341
5	4103	4119	4120	342
5	4103	4120	4104	343
5	4104	4120	4121	344
5	4104	4121	4105	345
5	4105	4121	4122	346
5	4105	4122	4106	347
5	4106	4122	4123	348
5	4106	4123	4107	349
5	4107	4123	4124	350
5	4107	4124	4108	351
5	241	234	3997	352
5	241	3997	4109	353
5	4109	3997	3998	354
5	4109	3998	4110	355
5	4110	3998	3999	356
5	4110	3999	4111	357
5	4111	3999	4000	358
5	4111	4000	4112	359
5	4112	4000	4001	360
5	4112	4001	4113	361
5	4113	4001	4002	362
5	4113	4002	4114	363
5	4114	4002	4003	364
5	4114	4003	4115	365
5	4115	4003	4004	366
5	4115	4004	4116	367
5	4116	4004	4005	368
5	4116	4005	4117	369
5	4117	4005	4006	370
5	4117	4006	4118	371
5	4118	4006	4007	372
5	4118	4007	4119	373
5	4119	4007	4008	374
5	4119	4008	4120	375
5	4120	4008	4009	376
5	4120	4009	4121	377
5	4121	4009	4010	378
5	4121	4010	4122	379
5	4122	4010	4011	380
5	4122	4011	4123	381
5	4123	4011	4012	382
5	4123	4012	4124	383
5	242	243	4141	384
5	242	4141	4125	385
5	4125	4141	4142	386
5	4125	4142	4126	387
5	4126	4142	4143	388
5	4126	4143	4127	389
5	4127	4143	4144	390
5	4127	4144	4128	391
5	4128	4144	4145	392
5	4128	4145	4129	393
5	4129	4145	4146	394
5	4129	4146	4130	395
5	4130	4146	4147	396
5	4130	4147	4131	397
5	4131	4147	4148	398
5	4131	4148	4132	399
5	4132	4148	4149	400
5	4132	4149	4133	401
5	4133	4149	4150	402
5	4133	4150	4134	403
5	4134	4150	4151	404
5	4134	4151	4135	405
5	4135	4151	4152	406
5	4135	4152	4136	407
5	4136	4152	4153	408
5	4136	4153	4137	409
5	4137	4153	4154	410
5	4137	4154	4138	411
5	4138	4154	4155	412
5	4138	4155	4139	413
5	4139	4155	4156	414
5	4139	4156	4140	415
5	243	244	4157	416
5	243	4157	4141	417
5	4141	4157	4158	418
5	4141	4158	4142	419
5	4142	4158	4159	420
5	4142	4159	4143	421
5	4143	4159	4160	422
5	4143	4160	4144	423
5	4144	4160	4161	424
5	4144	4161	4145	425
5	4145	4161	4162	426
5	4145	4162	4146	427
5	4146	4162	4163	428
5	4146	4163	4147	429
5	4147	4163	4164	430
5	4147	4164	4148	431
5	4148	4164	4165	432
5	4148	4165	4149	433
5	4149	4165	4166	434
5	4149	4166	4150	435
5	4150	4166	4167	436
5	4150	4167	4151	437
5	4151	4167	4168	438
5	4151	4168	4152	439
5	4152	4168	4169	440
5	4152	4169	4153	441
5	4153	4169	4170	442
5	4153	4170	4154	443
5	4154	4170	4171	444
5	4154	4171	4155	445
5	4155	4171	4172	446
5	4155	4172	4156	447
5	244	245	4173	448
5	244	4173	4157	449
5	4157	4173	4174	450
5	4157	4174	4158	451
5	4158	4174	4175	452
5	4158	4175	4159	453
5	4159	4175	4176	454
5	4159	4176	4160	455
5	4160	4176	4177	456
5	4160	4177	4161	457
5	4161	4177	4178	458
5	4161	4178	4162	459
5	4162	4178	4179	460
5	4162	4179	4163	461
5	4163	4179	4180	462
5	4163	4180	4164	463
5	4164	4180	4181	464
5	4164	4181	4165	465
5	4165	4181	4182	466
5	4165	4182	4166	467
5	4166	4182	4183	468
5	4166	4183	4167	469
5	4167	4183	4184	470
5	4167	4184	4168	471
5	4168	4184	4185	472
5	4168	4185	4169	473
5	4169	4185	4186	474
5	4169	4186	4170	475
5	4170	4186	4187	476
5	4170	4187	4171	477
5	4171	4187	4188	478
5	4171	4188	4172	479
5	245	238	4061	480
5	245	4061	4173	481
5	4173	4061	4062	482
5	4173	4062	4174	483
5	4174	4062	4063	484
5	4174	4063	4175	485
5	4175	4063	4064	486
5	4175	4064	4176	487
5	4176	4064	4065	488
5	4176	4065	4177	489
5	4177	4065	4066	490
5	4177	4066	4178	491
5	4178	4066	4067	492
5	4178	4067	4179	493
5	4179	4067	4068	494
5	4179	4068	4180	495
5	4180	4068	4069	496
5	4180	4069	4181	497
5	4181	4069	4070	498
5	4181	4070	4182	499
5	4182	4070	4071	500
5	4182	4071	4183	501
5	4183	4071	4072	502
5	4183	4072	4184	503
5	4184	4072	4073	504
5	4184	4073	4185	505
5	4185	4073	4074	506
5	4185	4074	4186	507
5	4186	4074	4075	508
5	4186	4075	4187	509
5	4187	4075	4076	510
5	4187	4076	4188	511
5	246	247	4205	512
5	246	4205	4189	513
5	4189	4205	4206	514
5	4189	4206	4190	515
5	4190	4206	4207	516
5	4190	4207	4191	517
5	4191	4207	4208	518
5	4191	4208	4192	519
5	4192	4208	4209	520
5	4192	4209	4193	521
5	4193	4209	4210	522
5	4193	4210	4194	523
5	4194	4210	4211	524
5	4194	4211	4195	525
5	4195	4211	4212	526
5	4195	4212	4196	527
5	4196	4212	4213	528
5	4196	4213	4197	529
5	4197	4213	4214	530
5	4197	4214	4198	531
5	4198	4214	4215	532
5	4198	4215	4199	533
5	4199	4215	4216	534
5	4199	4216	4200	535
5	4200	4216	4217	536
5	4200	4217	4201	537
5	4201	4217	4218	538
5	4201	4218	4202	539
5	4202	4218	4219	540
5	4202	4219	4203	541
5	4203	4219	4220	542
5	4203	4220	4204	543
5	247	248	4221	544
5	247	4221	4205	545
5	4205	4221	4222	546
5	4205	4222	4206	547
5	4206	4222	4223	548
5	4206	4223	4207	549
5	4207	4223	4224	550
5	4207	4224	4208	551
5	4208	4224	4225	552
5	4208	4225	4209	553
5	4209	4225	4226	554
5	4209	4226	4210	555
5	4210	4226	4227	556
5	4210	4227	4211	557
5	4211	4227	4228	558
5	4211	4228	4212	559
5	4212	4228	4229	560
5	4212	4229	4213	561
5	4213	4229	4230	562
5	4213	4230	4214	563
5	4214	4230	4231	564
5	4214	4231	4215	565
5	4215	4231	4232	566
5	4215	4232	4216	567
5	4216	4232	4233	568
5	4216	4233	4217	569
5	4217	4233	4234	570
5	4217	4234	4218	571
5	4218	4234	4235	572
5	4218	4235	4219	573
5	4219	4235	4236	574
5	4219	4236	4220	575
5	248	249	4237	576
5	248	4237	4221	577
5	4221	4237	4238	578
5	4221	4238	4222	579
5	4222	4238	4239	580
5	4222	4239	4223	581
5	4223	4239	4240	582
5	4223	4240	4224	583
5	4224	4240	4241	584
5	4224	4241	4225	585
5	4225	4241	4242	586
5	4225	4242	4226	587
5	4226	4242	4243	588
5	4226	4243	4227	589
5	4227	4243	4244	590
5	4227	4244	4228	591
5	4228	4244	4245	592
5	4228	4245	4229	593
5	4229	4245	4246	594
5	4229	4246	4230	595
5	4230	4246	4247	596
5	4230	4247	4231	597
5	4231	4247	4248	598
5	4231	4248	4232	599
5	4232	4248	4249	600
5	4232	4249	4233	601
5	4233	4249	4250	602
5	4233	4250	4234	603
5	4234	4250	4251	604
5	4234	4251	4235	605
5	4235	4251	4252	606
5	4235	4252	4236	607
5	249	242	4125	608
5	249	4125	4237	609
5	4237	4125	4126	610
5	4237	4126	4238	611
5	4238	4126	4127	612
5	4238	4127	4239	613
5	4239	4127	4128	614
5	4239	4128	4240	615
5	4240	4128	4129	616
5	4240	4129	4241	617
5	4241	4129	4130	618
5	4241	4130	4242	619
5	4242	4130	4131	620
5	4242	4131	4243	621
5	4243	4131	4132	622
5	4243	4132	4244	623
5	4244	4132	4133	624
5	4244	4133	4245	625
5	4245	4133	4134	626
5	4245	4134	4246	627
5	4246	4134	4135	628
5	4246	4135	4247	629
5	4247	4135	4136	630
5	4247	4136	4248	631
5	4248	4136	4137	632
5	4248	4137	4249	633
5	4249	4137	4138	634
5	4249	4138	4250	635
5	4250	4138	4139	636
5	4250	4139	4251	637
5	4251	4139	4140	638
5	4251	4140	4252	639
5	233	250	4253	640
5	233	4253	3981	641
5	3981	4253	4254	642
5	3981	4254	3982	643
5	3982	4254	4255	644
5	3982	4255	3983	645
5	3983	4255	4256	646
5	3983	4256	3984	647
5	3984	4256	4257	648
5	3984	4257	3985	649
5	3985	4257	4258	650
5	3985	4258	3986	651
5	3986	4258	4259	652
5	3986	4259	3987	653
5	3987	4259	4260	654
5	3987	4260	3988	655
5	3988	4260	4261	656
5	3988	4261	3989	657
5	3989	4261	4262	658
5	3989	4262	3990	659
5	3990	4262	4263	660
5	3990	4263	3991	661
5	3991	4263	4264	662
5	3991	4264	3992	663
5	3992	4264	4265	664
5	3992	4265	3993	665
5	3993	4265	4266	666
5	3993	4266	3994	667
5	3994	4266	4267	668
5	3994	4267	3995	669
5	3995	4267	4268	670
5	3995	4268	3996	671
5	250	251	4269	672
5	250	4269	4253	673
5	4253	4269	4270	674
5	4253	4270	4254	675
5	4254	4270	4271	676
5	4254	4271	4255	677
5	4255	4271	4272	678
5	4255	4272	4256	679
5	4256	4272	4273	680
5	4256	4273	4257	681
5	4257	4273	4274	682
5	4257	4274	4258	683
5	4258	4274	4275	684
5	4258	4275	4259	685
5	4259	4275	4276	686
5	4259	4276	4260	687
5	4260	4276	4277	688
5	4260	4277	4261	689
5	4261	4277	4278	690
5	4261	4278	4262	691
5	4262	4278	4279	692
5	4262	4279	4263	693
5	4263	4279	4280	694
5	4263	4280	4264	695
5	4264	4280	4281	696
5	4264	4281	4265	697
5	4265	4281	4282	698
5	4265	4282	4266	699
5	4266	4282	4283	700
5	4266	4283	4267	701
5	4267	4283	4284	702
5	4267	4284	4268	703
5	251	252	4285	704
5	251	4285	4269	705
5	4269	4285	4286	706
5	4269	4286	4270	707
5	4270	4286	4287	708
5	4270	4287	4271	709
5	4271	4287	4288	710
5	4271	4288	4272	711
5	4272	4288	4289	712
5	4272	4289	4273	713
5	4273	4289	4290	714
5	4273	4290	4274	715
5	4274	4290	4291	716
5	4274	4291	4275	717
5	4275	4291	4292	718
5	4275	4292	4276	719
5	4276	4292	4293	720
5	4276	4293	4277	721
5	4277	4293	4294	722
5	4277	4294	4278	723
5	4278	4294	4295	724
5	4278	4295	4279	725
5	4279	4295	4296	726
5	4279	4296	4280	727
5	4280	4296	4297	728
5	4280	4297	4281	729
5	4281	4297	4298	730
5	4281	4298	4282	731
5	4282	4298	4299	732
5	4282	4299	4283	733
5	4283	4299	4300	734
5	4283	4300	4284	735
5	252	246	4189	736
5	252	4189	4285	737
5	4285	4189	4190	738
5	4285	4190	4286	739
5	4286	4190	4191	740
5	4286	4191	4287	741
5	4287	4191	4192	742
5	4287	4192	4288	743
5	4288	4192	4193	744
5	4288	4193	4289	745
5	4289	4193	4194	746
5	4289	4194	4290	747
5	4290	4194	4195	748
5	4290	4195	4291	749
5	4291	4195	4196	750
5	4291	4196	4292	751
5	4292	4196	4197	752
5	4292	4197	4293	753
5	4293	4197	4198	754
5	4293	4198	4294	755
5	4294	4198	4199	756
5	4294	4199	4295	757
5	4295	4199	4200	758
5	4295	4200	4296	759
5	4296	4200	4201	760
5	4296	4201	4297	761
5	4297	4201	4202	762
5	4297	4202	4298	763
5	4298	4202	4203	764
5	4298	4203	4299	765
5	4299	4203	4204	766
5	4299	4204	4300	767
MARKER_TAG= FARFIELD
MARKER_ELEMS= 480
SEND_TO= 0
5	300	299	298	0
5	298	332	331	1
5	299	348	332	2
5	332	298	299	3
5	331	380	379	4
5	332	396	380	5
5	348	412	396	6
5	380	331	332	7
5	396	332	348	8
5	379	444	443	9
5	380	460	444	10
5	396	476	460	11
5	412	492	476	12
5	444	379	380	13
5	460	380	396	14
5	476	396	412	15
5	300	508	299	16
5	299	524	348	17
5	508	540	524	18
5	524	299	508	19
5	348	556	412	20
5	524	572	556	21
5	540	588	572	22
5	556	348	524	23
5	572	524	540	24
5	412	604	492	25
5	556	620	604	26
5	572	636	620	27
5	588	652	636	28
5	604	412	556	29
5	620	556	572	30
5	636	572	588	31
5	300	668	508	32
5	508	684	540	33
5	668	700	684	34
5	684	508	668	35
5	540	716	588	36
5	684	732	716	37
5	700	748	732	38
5	716	540	684	39
5	732	684	700	40
5	588	764	652	41
5	716	780	764	42
5	732	796	780	43
5	748	812	796	44
5	764	588	716	45
5	780	716	732	46
5	796	732	748	47
5	300	828	668	48
5	668	844	700	49
5	828	860	844	50
5	844	668	828	51
5	700	876	748	52
5	844	892	876	53
5	860	908	892	54
5	876	700	844	55
5	892	844	860	56
5	748	924	812	57
5	876	940	924	58
5	892	956	940	59
5	908	972	956	60
5	924	748	876	61
5	940	876	892	62
5	956	892	908	63
5	300	988	828	64
5	828	1004	860	65
5	988	1020	1004	66
5	1004	828	988	67
5	860	1036	908	68
5	1004	1052	1036	69
5	1020	1068	1052	70
5	1036	860	1004	71
5	1052	1004	1020	72
5	908	1084	972	73
5	1036	1100	1084	74
5	1052	1116	1100	75
5	1068	1132	1116	76
5	1084	908	1036	77
5	1100	1036	1052	78
5	1116	1052	1068	79
5	300	298	988	80
5	988	1148	1020	81
5	298	331	1148	82
5	1148	988	298	83
5	1020	1164	1068	84
5	1148	1180	1164	85
5	331	379	1180	86
5	1164	1020	1148	87
5	1180	1148	331	88
5	1068	1196	1132	89
5	1164	1212	1196	90
5	1180	1228	1212	91
5	379	443	1228	92
5	1196	1068	1164	93
5	1212	1164	1180	94
5	1228	1180	379	95
5	1244	476	492	96
5	476	1244	1260	97
5	1260	460	476	98
5	460	1260	1276	99
5	1276	444	460	100
5	444	1276	1292	101
5	1292	443	444	102
5	443	1292	1308	103
5	1324	636	652	104
5	636	1324	1340	105
5	1340	620	636	106
5	620	1340	1356	107
5	1356	604	620	108
5	604	1356	1372	109
5	1372	492	604	110
5	492	1372	1244	111
5	1388	796	812	112
5	796	1388	1404	113
5	1404	780	796	114
5	780	1404	1420	115
5	1420	764	780	116
5	764	1420	1436	117
5	1436	652	764	118
5	652	1436	1324	119
5	1452	956	972	120
5	956	1452	1468	121
5	1468	940	956	122
5	940	1468	1484	123
5	1484	924	940	124
5	924	1484	1500	125
5	1500	812	924	126
5	812	1500	1388	127
5	1516	1116	1132	128
5	1116	1516	1532	129
5	1532	1100	1116	130
5	1100	1532	1548	131
5	1548	1084	1100	132
5	1084	1548	1564	133
5	1564	972	1084	134
5	972	1564	1452	135
5	1308	1228	443	136
5	1228	1308	1580	137
5	1580	1212	1228	138
5	1212	1580	1596	139
5	1596	1196	1212	140
5	1196	1596	1612	141
5	1612	1132	1196	142
5	1132	1612	1516	143
5	1628	1260	1244	144
5	1260	1628	1644	145
5	1644	1276	1260	146
5	1276	1644	1660	147
5	1660	1292	1276	148
5	1292	1660	1676	149
5	1676	1308	1292	150
5	1308	1676	1692	151
5	1708	1340	1324	152
5	1340	1708	1724	153
5	1724	1356	1340	154
5	1356	1724	1740	155
5	1740	1372	1356	156
5	1372	1740	1756	157
5	1756	1244	1372	158
5	1244	1756	1628	159
5	1772	1404	1388	160
5	1404	1772	1788	161
5	1788	1420	1404	162
5	1420	1788	1804	163
5	1804	1436	1420	164
5	1436	1804	1820	165
5	1820	1324	1436	166
5	1324	1820	1708	167
5	1836	1468	1452	168
5	1468	1836	1852	169
5	1852	1484	1468	170
5	1484	1852	1868	171
5	1868	1500	1484	172
5	1500	1868	1884	173
5	1884	1388	1500	174
5	1388	1884	1772	175
5	1900	1532	1516	176
5	1532	1900	1916	177
5	1916	1548	1532	178
5	1548	1916	1932	179
5	1932	1564	1548	180
5	1564	1932	1948	181
5	1948	1452	1564	182
5	1452	1948	1836	183
5	1692	1580	1308	184
5	1580	1692	1964	185
5	1964	1596	1580	186
5	1596	1964	1980	187
5	1980	1612	1596	188
5	1612	1980	1996	189
5	1996	1516	1612	190
5	1516	1996	1900	191
5	2012	1644	1628	192
5	1644	2012	2028	193
5	2028	1660	1644	194
5	1660	2028	2044	195
5	2044	1676	1660	196
5	1676	2044	2060	197
5	2060	1692	1676	198
5	1692	2060	2076	199
5	2092	1724	1708	200
5	1724	2092	2108	201
5	2108	1740	1724	202
5	1740	2108	2124	203
5	2124	1756	1740	204
5	1756	2124	2140	205
5	2140	1628	1756	206
5	1628	2140	2012	207
5	2156	1788	1772	208
5	1788	2156	2172	209
5	2172	1804	1788	210
5	1804	2172	2188	211
5	2188	1820	1804	212
5	1820	2188	2204	213
5	2204	1708	1820	214
5	1708	2204	2092	215
5	2220	1852	1836	216
5	1852	2220	2236	217
5	2236	1868	1852	218
5	1868	2236	2252	219
5	2252	1884	1868	220
5	1884	2252	2268	221
5	2268	1772	1884	222
5	1772	2268	2156	223
5	2284	1916	1900	224
5	1916	2284	2300	225
5	2300	1932	1916	226
5	1932	2300	2316	227
5	2316	1948	1932	228
5	1948	2316	2332	229
5	2332	1836	1948	230
5	1836	2332	2220	231
5	2076	1964	1692	232
5	1964	2076	2348	233
5	2348	1980	1964	234
5	1980	2348	2364	235
5	2364	1996	1980	236
5	1996	2364	2380	237
5	2380	1900	1996	238
5	1900	2380	2284	239
5	2396	2028	2012	240
5	2028	2396	2412	241
5	2412	2044	2028	242
5	2044	2412	2428	243
5	2428	2060	2044	244
5	2060	2428	2444	245
5	2444	2076	2060	246
5	2076	2444	2460	247
5	2476	2108	2092	248
5	2108	2476	2492	249
5	2492	2124	2108	250
5	2124	2492	2508	251
5	2508	2140	2124	252
5	2140	2508	2524	253
5	2524	2012	2140	254
5	2012	2524	2396	255
5	2540	2172	2156	256
5	2172	2540	2556	257
5	2556	2188	2172	258
5	2188	2556	2572	259
5	2572	2204	2188	260
5	2204	2572	2588	261
5	2588	2092	2204	262
5	2092	2588	2476	263
5	2604	2236	2220	264
5	2236	2604	2620	265
5	2620	2252	2236	266
5	2252	2620	2636	267
5	2636	2268	2252	268
5	2268	2636	2652	269
5	2652	2156	2268	270
5	2156	2652	2540	271
5	2668	2300	2284	272
5	2300	2668	2684	273
5	2684	2316	2300	274
5	2316	2684	2700	275
5	2700	2332	2316	276
5	2332	2700	2716	277
5	2716	2220	2332	278
5	2220	2716	2604	279
5	2460	2348	2076	280
5	2348	2460	2732	281
5	2732	2364	2348	282
5	2364	2732	2748	283
5	2748	2380	2364	284
5	2380	2748	2764	285
5	2764	2284	2380	286
5	2284	2764	2668	287
5	2780	2412	2396	288
5	2412	2780	2796	289
5	2796	2428	2412	290
5	2428	2796	2812	291
5	2812	2444	2428	292
5	2444	2812	2828	293
5	2828	2460	2444	294
5	2460	2828	2844	295
5	2860	2492	2476	296
5	2492	2860	2876	297
5	2876	2508	2492	298
5	2508	2876	2892	299
5	2892	2524	2508	300
5	2524	2892	2908	301
5	2908	2396	2524	302
5	2396	2908	2780	303
5	2924	2556	2540	304
5	2556	2924	2940	305
5	2940	2572	2556	306
5	2572	2940	2956	307
5	2956	2588	2572	308
5	2588	2956	2972	309
5	2972	2476	2588	310
5	2476	2972	2860	311
5	2988	2620	2604	312
5	2620	2988	3004	313
5	3004	2636	2620	314
5	2636	3004	3020	315
5	3020	2652	2636	316
5	2652	3020	3036	317
5	3036	2540	2652	318
5	2540	3036	2924	319
5	3052	2684	2668	320
5	2684	3052	3068	321
5	3068	2700	2684	322
5	2700	3068	3084	323
5	3084	2716	2700	324
5	2716	3084	3100	325
5	3100	2604	2716	326
5	2604	3100	2988	327
5	2844	2732	2460	328
5	2732	2844	3116	329
5	3116	2748	2732	330
5	2748	3116	3132	331
5	3132	2764	2748	332
5	2764	3132	3148	333
5	3148	2668	2764	334
5	2668	3148	3052	335
5	3164	2796	2780	336
5	2796	3164	3180	337
5	3180	2812	2796	338
5	2812	3180	3196	339
5	3196	2828	2812	340
5	2828	3196	3212	341
5	3212	2844	2828	342
5	2844	3212	3228	343
5	3244	2876	2860	344
5	2876	3244	3260	345
5	3260	2892	2876	346
5	2892	3260	3276	347
5	3276	2908	2892	348
5	2908	3276	3292	349
5	3292	2780	2908	350
5	2780	3292	3164	351
5	3308	2940	2924	352
5	2940	3308	3324	353
5	3324	2956	2940	354
5	2956	3324	3340	355
5	3340	2972	2956	356
5	2972	3340	3356	357
5	3356	2860	2972	358
5	2860	3356	3244	359
5	3372	3004	2988	360
5	3004	3372	3388	361
5	3388	3020	3004	362
5	3020	3388	3404	363
5	3404	3036	3020	364
5	3036	3404	3420	365
5	3420	2924	3036	366
5	2924	3420	3308	367
5	3436	3068	3052	368
5	3068	3436	3452	369
5	3452	3084	3068	370
5	3084	3452	3468	371
5	3468	3100	3084	372
5	3100	3468	3484	373
5	3484	2988	3100	374
5	2988	3484	3372	375
5	3228	3116	2844	376
5	3116	3228	3500	377
5	3500	3132	3116	378
5	3132	3500	3516	379
5	3516	3148	3132	380
5	3148	3516	3532	381
5	3532	3052	3148	382
5	3052	3532	3436	383
5	3548	3180	3164	384
5	3180	3548	3564	385
5	3564	3196	3180	386
5	3196	3564	3580	387
5	3580	3212	3196	388
5	3212	3580	3596	389
5	3596	3228	3212	390
5	3228	3596	3612	391
5	3628	3260	3244	392
5	3260	3628	3644	393
5	3644	3276	3260	394
5	3276	3644	3660	395
5	3660	3292	3276	396
5	3292	3660	3676	397
5	3676	3164	3292	398
5	3164	3676	3548	399
5	3692	3324	3308	400
5	3324	3692	3708	401
5	3708	3340	3324	402
5	3340	3708	3724	403
5	3724	3356	3340	404
5	3356	3724	3740	405
5	3740	3244	3356	406
5	3244	3740	3628	407
5	3756	3388	3372	408
5	3388	3756	3772	409
5	3772	3404	3388	410
5	3404	3772	3788	411
5	3788	3420	3404	412
5	3420	3788	3804	413
5	3804	3308	3420	414
5	3308	3804	3692	415
5	3820	3452	3436	416
5	3452	3820	3836	417
5	3836	3468	3452	418
5	3468	3836	3852	419
5	3852	3484	3468	420
5	3484	3852	3868	421
5	3868	3372	3484	422
5	3372	3868	3756	423
5	3612	3500	3228	424
5	3500	3612	3884	425
5	3884	3516	3500	426
5	3516	3884	3900	427
5	3900	3532	3516	428
5	3532	3900	3916	429
5	3916	3436	3532	430
5	3436	3916	3820	431
5	3932	3564	3548	432
5	3564	3932	3948	433
5	3948	3580	3564	434
5	3580	3948	3964	435
5	3964	3596	3580	436
5	3596	3964	3980	437
5	3980	3612	3596	438
5	3612	3980	3996	439
5	4012	3644	3628	440
5	3644	4012	4028	441
5	4028	3660	3644	442
5	3660	4028	4044	443
5	4044	3676	3660	444
5	3676	4044	4060	445
5	4060	3548	3676	446
5	3548	4060	3932	447
5	4076	3708	3692	448
5	3708	4076	4092	449
5	4092	3724	3708	450
5	3724	4092	4108	451
5	4108	3740	3724	452
5	3740	4108	4124	453
5	4124	3628	3740	454
5	3628	4124	4012	455
5	4140	3772	3756	456
5	3772	4140	4156	457
5	4156	3788	3772	458
5	3788	4156	4172	459
5	4172	3804	3788	460
5	3804	4172	4188	461
5	4188	3692	3804	462
5	3692	4188	4076	463
5	4204	3836	3820	464
5	3836	4204	4220	465
5	4220	3852	3836	466
5	3852	4220	4236	467
5	4236	3868	3852	468
5	3868	4236	4252	469
5	4252	3756	3868	470
5	3756	4252	4140	471
5	3996	3884	3612	472
5	3884	3996	4268	473
5	4268	3900	3884	474
5	3900	4268	4284	475
5	4284	3916	3900	476
5	3916	4284	4300	477
5	4300	3820	3916	478
5	3820	4300	4204	479
