4
33
6.0
1.981449E+00 0.      0.      0.
4.048638E+00 0.      0.      0.
9.687665E+00 0.      0.      0.
1.349333E+01 0.      0.      0.
 0.0		0.0	       0.0	    
 0.0		0.0	       0.0	    
 0.0		0.0	       0.0	    
 2.277658E-04	2.989135E-04   8.838910E-05 
 1.792431E-04	3.547488E-04  -2.341806E-03 
 1.344419E-04	2.412215E-04  -4.249640E-03 
 4.044417E-04	5.677489E-04  -3.915735E-03 
 3.666244E-04	6.450209E-04  -8.538710E-03 
 3.303890E-04	4.789761E-04  -1.273460E-02 
 5.828398E-04	7.955105E-04  -1.105492E-02 
 5.534117E-04	8.782930E-04  -1.786887E-02 
 5.245128E-04	6.925593E-04  -2.434958E-02 
 7.555822E-04	9.796295E-04  -2.075313E-02 
 7.334588E-04	1.060348E-03  -2.968178E-02 
 7.123184E-04	8.734112E-04  -3.837256E-02 
 9.111739E-04	1.120849E-03  -3.249108E-02 
 9.047020E-04	1.195376E-03  -4.338473E-02 
 8.859976E-04	1.019451E-03  -5.414444E-02 
 1.059591E-03	1.222840E-03  -4.577762E-02 
 1.051580E-03	1.288000E-03  -5.843686E-02 
 1.043788E-03	1.131404E-03  -7.103894E-02 
 1.180196E-03	1.290918E-03  -6.021209E-02 
 1.178603E-03	1.343931E-03  -7.435743E-02 
 1.175944E-03	1.212032E-03  -8.852436E-02 
 1.273999E-03	1.331008E-03  -7.544499E-02 
 1.276940E-03	1.370353E-03  -9.074274E-02 
 1.278944E-03	1.265760E-03  -1.061288E-01 
 1.336462E-03	1.350179E-03  -9.122563E-02 
 1.342301E-03	1.376861E-03  -1.072894E-01 
 1.347536E-03	1.296493E-03  -1.234913E-01 
 1.364234E-03	1.355068E-03  -1.074090E-01 
 1.371426E-03	1.376294E-03  -1.238279E-01 
 1.378437E-03	1.306188E-03  -1.403572E-01 
 0.0		0.0	       0.0	    
 0.0		0.0	       0.0	    
 0.0		0.0	       0.0	    
-1.514766E-03  -9.766132E-05  -1.929523E-02 
-1.524230E-03	1.592964E-04  -9.988905E-04 
-1.563528E-03	3.715192E-04   1.759947E-02 
-3.069091E-03  -8.532093E-05  -4.081566E-02 
-3.086735E-03	3.063178E-04  -3.838731E-03 
-3.115878E-03	6.232257E-04   3.345202E-02 
-4.576692E-03  -1.050955E-05  -6.344692E-02 
-4.597181E-03	4.392965E-04  -8.369088E-03 
-4.621087E-03	7.913601E-04   4.702050E-02 
-5.978294E-03	9.638121E-05  -8.631207E-02 
-5.999950E-03	5.555914E-04  -1.440754E-02 
-6.018574E-03	8.990199E-04   5.778921E-02 
-7.235211E-03	2.154704E-04  -1.086522E-01 
-7.246700E-03	6.517267E-04  -2.173216E-02 
-7.262664E-03	9.607815E-04   6.542446E-02 
-8.294039E-03	3.336910E-04  -1.297591E-01 
-8.311397E-03	7.251414E-04  -3.008227E-02 
-8.320484E-03	9.865639E-04   6.979932E-02 
-9.148099E-03	4.415917E-04  -1.490756E-01 
-9.160856E-03	7.748061E-04  -3.917110E-02 
-9.165776E-03	9.851586E-04   7.087635E-02 
-9.775246E-03	5.308142E-04  -1.661221E-01 
-9.783309E-03	8.017949E-04  -4.871007E-02 
-9.784329E-03	9.668963E-04   6.877742E-02 
-1.017070E-02	5.928495E-04  -1.805830E-01 
-1.017364E-02	8.108873E-04  -5.844382E-02 
-1.017242E-02	9.444572E-04   6.370474E-02 
-1.034365E-02	6.157546E-04  -1.922920E-01 
-1.034094E-02	8.117158E-04  -6.820085E-02 
-1.033708E-02	9.337925E-04   5.585294E-02 
 0.0		0.0	       0.0	    
 0.0		0.0	       0.0	    
 0.0		0.0	       0.0	    
-2.373465E-03  -4.843922E-04  -1.866686E-02 
-2.298004E-03  -1.136417E-03   9.253888E-03 
-2.236884E-03  -1.322319E-04   3.696187E-02 
-4.152825E-03  -6.118563E-04  -2.291586E-02 
-4.223931E-03  -1.499488E-03   2.723578E-02 
-4.279287E-03  -3.221481E-04   7.899693E-02 
-5.110309E-03  -3.421653E-04  -1.672936E-02 
-5.288900E-03  -1.252772E-03   4.548865E-02 
-5.438146E-03  -3.955555E-04   1.108160E-01 
-4.934736E-03	2.356131E-04  -2.848571E-03 
-5.184292E-03  -5.803904E-04   5.762277E-02 
-5.383493E-03  -3.027051E-04   1.220565E-01 
-3.659791E-03	9.638355E-04   1.540865E-02 
-3.789032E-03	3.086269E-04   5.968253E-02 
-4.050802E-03  -5.261256E-05   1.077100E-01 
-1.242132E-03	1.681062E-03   3.452481E-02 
-1.451851E-03	1.206846E-03   5.033337E-02 
-1.627173E-03	3.051372E-04   6.928407E-02 
 1.625346E-03	2.255567E-03   4.988718E-02 
 1.510353E-03	1.939880E-03   3.068727E-02 
 1.399166E-03	7.071407E-04   1.314562E-02 
 4.442320E-03	2.609603E-03   5.726175E-02 
 4.428924E-03	2.399587E-03   3.660807E-03 
 4.408434E-03	1.093476E-03  -5.009531E-02 
 6.582434E-03	2.753262E-03   5.269251E-02 
 6.658923E-03	2.581598E-03  -2.708844E-02 
 6.726536E-03	1.390981E-03  -1.087606E-01 
 7.562360E-03	2.773285E-03   3.309039E-02 
 7.675749E-03	2.606538E-03  -5.858333E-02 
 7.785936E-03	1.501963E-03  -1.522350E-01 
 0.0		0.0	       0.0	    
 0.0		0.0	       0.0	    
 0.0		0.0	       0.0	    
-4.457747E-03	3.558675E-05  -6.453488E-02 
-4.608502E-03	1.276765E-03  -9.939036E-03 
-4.784886E-03	6.895355E-04   4.684618E-02 
-7.939023E-03	2.923111E-04  -1.263334E-01 
-8.014174E-03	1.807864E-03  -3.074572E-02 
-8.061140E-03	7.988667E-04   6.595453E-02 
-9.348093E-03	4.489277E-04  -1.649859E-01 
-9.303802E-03	1.643459E-03  -5.369136E-02 
-9.210647E-03	3.653290E-04   5.676229E-02 
-8.519507E-03	3.238865E-04  -1.703211E-01 
-8.327234E-03	8.632618E-04  -7.059818E-02 
-8.113212E-03  -4.464700E-04   2.603637E-02 
-5.814273E-03  -1.277670E-04  -1.415157E-01 
-5.690271E-03  -3.622720E-04  -7.472765E-02 
-5.286346E-03  -1.433217E-03  -1.256943E-02 
-2.450308E-03  -8.473385E-04  -8.587489E-02 
-2.115357E-03  -1.772042E-03  -6.203568E-02 
-1.798103E-03  -2.386683E-03  -4.359364E-02 
 9.196750E-04  -1.689011E-03  -1.455600E-02 
 1.188620E-03  -3.060368E-03  -3.214550E-02 
 1.446624E-03  -3.150384E-03  -5.409784E-02 
 3.449031E-03  -2.458552E-03   6.024041E-02 
 3.584380E-03  -3.963157E-03   1.157784E-02 
 3.699718E-03  -3.659576E-03  -3.891098E-02 
 4.859850E-03  -2.991829E-03   1.293226E-01 
 4.817209E-03  -4.373600E-03   6.322678E-02 
 4.761040E-03  -3.921011E-03  -1.250642E-03 
 5.307806E-03  -3.172295E-03   1.881149E-01 
 5.125555E-03  -4.450226E-03   1.169665E-01 
 4.939456E-03  -3.985692E-03   4.899913E-02 
